0
74.7453
1.8248
7.75084
6.38958
0.45936
1.25634
4.17901
2.20512
2.25679
1.66571
3.94283
0.9326
3.78335
3.54512
2.79897
6.73619
6.45967
4.56538
4.9462
4.76402
1.46006
1.13003
1.29924
0.868533
3.72552
11.9754
0.458673
1.18324
4.28309
2.99022
0.682067
2.03375
0.532437
5.8523
1.91441
3.66428
2.14662
0.876003
0.650775
0.246916
5.09844
0.28564
2.435
0.896368
1.25016
3.38751
6.8156
3.70167
4.87441
12.9199
3.0899
4.63634
2.33637
1.41881
1.36947
1.65908
3.24094
9.58468
1.46248
1.56524
0.392481
7.28862
5.34387
2.59881
1.79169
6.83793
1.66701
3.24332
3.18989
9.8736
3.62377
6.14804
1.85455
1.10993
0.313546
2.58088
1.71684
2.72664
1.06925
1.22712
4.38585
5.06361
0.985582
2.65562
1.56387
4.40276
0.046013
3.38874
0.268672
0.57007
2.84805
1.8548
1.56806
4.69004
1.48874
1.50545
7.11486
3.40661
2.44991
3.28299
1.89957
5.14677
1.31798
1.66595
1.15828
2.76578
1.39694
3.38267
1.38115
0.863064
3.54014
4.08173
3.24918
3.85024
0.664624
1.25278
0.715731
2.87244
2.05847
3.83116
5.47875
7.98099
1.16936
4.83197
3.9334
3.44157
0.00121899
3.43699
0.92726
5.00638
1.74773
0.0962421
5.12806
1.69335
1.00383
5.18492
5.90714
4.51326
5.97507
2.28213
5.28268
3.73028
1.86863
0.140044
4.39288
0.644691
0.364317
2.46613
4.59677
0.493868
7.21376
0.959829
6.99614
1.23347
2.36324
1.41266
2.21909
2.65553
2.46673
2.58762
2.74836
5.10271
2.56352
0.239922
4.22818
2.09125
2.5705
5.47218
7.29415
1.77607
0.943081
1.63458
4.02748
1.37481
5.26881
1.49442
2.34478
1.83763
7.0817
1.8039
1.21167
4.294
1.27232
0.806907
2.14611
3.67272
0.501379
1.98042
1.02439
6.52806
0.367449
10.6565
3.75648
1.0584
1.20451
0.722426
1.92081
1.89331
5.00196
2.29234
1.76293
1.6419
7.74714
8.57084
0.152442
1.41774
2.32469
2.28614
1.02085
0.561949
8.93307
2.24206
0.883149
3.34064
4.60264
2.19954
5.61757
1.3237
2.42821
6.19074
1.92778
7.61699
3.84242
3.07845
2.92705
4.358
1.78038
4.92047
3.26921
0.620037
0.13719
0.690755
0.498429
8.08084
6.37877
0.669634
3.04803
0.317936
2.16738
1.35879
2.87318
8.51298
0.153436
7.12233
4.06376
2.79646
6.32286
1.93719
