-9.25596e+61
0
0.221135
0.167632
0.254612
0.00925133
1.21657
2.05327
0.389499
13.2646
2.28286
1.48584
4.1682
0.367339
3.73994
0.557495
0.702476
1.14898
0.886326
3.6118
1.6711
1.31449
1.47526
0.572468
0.529361
4.07074
3.36317
0.949446
1.35603
1.98603
2.37245
1.76218
0.265608
1.25667
0.811827
1.72198
0.494232
0.948505
0.382955
1.09817
2.04862
3.53625
1.22494
1.97939
5.07573
4.09543
2.41842
0.339961
0.519842
1.43189
0.0356513
3.75229
1.13156
1.2692
1.44282
0.909352
0.262184
1.68868
1.69148
3.14861
0.0130893
1.12029
0.0217915
1.50695
4.20573
0.800487
1.15604
0.404529
0.414635
2.64111
0.858925
0.804237
1.57014
2.05296
0.838636
0.720714
1.97143
0.207234
1.66657
0.194121
1.95524
0.59794
0.670003
3.23914
1.64689
1.20415
2.0165
2.66547
0.149523
3.98483
1.20643
0.790259
1.61731
0.882177
2.1094
0.448205
1.1321
2.08976
2.75582
1.38004
6.33654
0.125358
0.583944
2.2368
2.33784
1.14065
3.47016
0.103356
1.5528
2.90203
1.89079
2.82249
0.488267
0.508571
5.36603
3.89351
1.73816
2.23507
0.791646
4.28876
0.563131
0.302244
1.35329
0.857585
2.06855
0.162617
1.55657
0.786488
2.69592
3.64076
0.361738
0.0276009
1.205
0.897427
1.93156
3.979
3.39883
1.1682
1.35081
3.74636
0.770527
1.6659
0.165254
1.05949
1.51281
1.58755
6.0253
0.514146
1.19309
0.149474
1.95042
0.353042
6.58062
0.222144
0.954865
3.53117
3.86137
3.21497
4.05406
1.83346
3.04577
4.56016
3.37484
0.3537
0.158644
3.40572
4.70662
1.84005
1.04175
1.97249
0.499755
0.485062
1.81544
0.201372
3.36242
1.85992
13.9439
0.768527
1.59762
2.37748
0.489371
0.961251
5.22655
1.97835
0.809227
2.14609
3.56879
5.84725
2.24359
0.303839
0.538963
0.627976
0.501235
2.24211
4.89493
1.6682
5.26687
1.18412
1.23959
0.106502
0.396544
2.7047
1.82731
3.31414
0.0705586
0.194651
0.672056
0.181704
1.8576
0.0898701
3.93329
1.86039
0.518327
0.870971
1.18409
0.0617146
0.129082
4.22449
1.06762
0.342969
2.24926
0.223305
3.9045
3.67469
1.5242
0.741522
0.265173
5.56439
0.95097
4.35606
2.22127
3.0293
2.41922
0.0755328
0.802299
0.64702
1.57
9.63412
0.206184
5.05114
1.08487
2.7378
0.801335
2.70963
0.97029
2.44172
0.911925
1.28473
5.95118
4.6678
